0	0	0	0
0	0.125	0	-0.0125
0	0.25	0	-0.025
0	0.375	0	-0.0375
0	0.5	0	-0.05
0	0.625	0	-0.0625
0	0.75	0	-0.075
0	0.875	0	-0.0875
0	1	0	-0.1
0	1.125	0	-0.1125
0	1.25	0	-0.125
0	1.375	0	-0.1375
0	1.5	0	-0.15
0	1.625	0	-0.1625
0	1.75	0	-0.175
0	1.875	0	-0.1875
0	2	0	-0.2

0.125	0	0.0125	0
0.125	0.125	0.0109375	-0.0109375
0.125	0.25	0.009375	-0.021875
0.125	0.375	0.0078125	-0.0328125
0.125	0.5	0.00625	-0.04375
0.125	0.625	0.0046875	-0.0546875
0.125	0.75	0.003125	-0.065625
0.125	0.875	0.0015625	-0.0765625
0.125	1	0	-0.0875
0.125	1.125	-0.0015625	-0.0984375
0.125	1.25	-0.003125	-0.109375
0.125	1.375	-0.0046875	-0.120313
0.125	1.5	-0.00625	-0.13125
0.125	1.625	-0.0078125	-0.142187
0.125	1.75	-0.009375	-0.153125
0.125	1.875	-0.0109375	-0.164062
0.125	2	-0.0125	-0.175

0.25	0	0.025	0
0.25	0.125	0.021875	-0.009375
0.25	0.25	0.01875	-0.01875
0.25	0.375	0.015625	-0.028125
0.25	0.5	0.0125	-0.0375
0.25	0.625	0.009375	-0.046875
0.25	0.75	0.00625	-0.05625
0.25	0.875	0.003125	-0.065625
0.25	1	0	-0.075
0.25	1.125	-0.003125	-0.084375
0.25	1.25	-0.00625	-0.09375
0.25	1.375	-0.009375	-0.103125
0.25	1.5	-0.0125	-0.1125
0.25	1.625	-0.015625	-0.121875
0.25	1.75	-0.01875	-0.13125
0.25	1.875	-0.021875	-0.140625
0.25	2	-0.025	-0.15

0.375	0	0.0375	0
0.375	0.125	0.0328125	-0.0078125
0.375	0.25	0.028125	-0.015625
0.375	0.375	0.0234375	-0.0234375
0.375	0.5	0.01875	-0.03125
0.375	0.625	0.0140625	-0.0390625
0.375	0.75	0.009375	-0.046875
0.375	0.875	0.0046875	-0.0546875
0.375	1	0	-0.0625
0.375	1.125	-0.0046875	-0.0703125
0.375	1.25	-0.009375	-0.078125
0.375	1.375	-0.0140625	-0.0859375
0.375	1.5	-0.01875	-0.09375
0.375	1.625	-0.0234375	-0.101562
0.375	1.75	-0.028125	-0.109375
0.375	1.875	-0.0328125	-0.117188
0.375	2	-0.0375	-0.125

0.5	0	0.05	0
0.5	0.125	0.04375	-0.00625
0.5	0.25	0.0375	-0.0125
0.5	0.375	0.03125	-0.01875
0.5	0.5	0.025	-0.025
0.5	0.625	0.01875	-0.03125
0.5	0.75	0.0125	-0.0375
0.5	0.875	0.00625	-0.04375
0.5	1	0	-0.05
0.5	1.125	-0.00625	-0.05625
0.5	1.25	-0.0125	-0.0625
0.5	1.375	-0.01875	-0.06875
0.5	1.5	-0.025	-0.075
0.5	1.625	-0.03125	-0.08125
0.5	1.75	-0.0375	-0.0875
0.5	1.875	-0.04375	-0.09375
0.5	2	-0.05	-0.1

0.625	0	0.0625	0
0.625	0.125	0.0546875	-0.0046875
0.625	0.25	0.046875	-0.009375
0.625	0.375	0.0390625	-0.0140625
0.625	0.5	0.03125	-0.01875
0.625	0.625	0.0234375	-0.0234375
0.625	0.75	0.015625	-0.028125
0.625	0.875	0.0078125	-0.0328125
0.625	1	0	-0.0375
0.625	1.125	-0.0078125	-0.0421875
0.625	1.25	-0.015625	-0.046875
0.625	1.375	-0.0234375	-0.0515625
0.625	1.5	-0.03125	-0.05625
0.625	1.625	-0.0390625	-0.0609375
0.625	1.75	-0.046875	-0.065625
0.625	1.875	-0.0546875	-0.0703125
0.625	2	-0.0625	-0.075

0.75	0	0.075	0
0.75	0.125	0.065625	-0.003125
0.75	0.25	0.05625	-0.00625
0.75	0.375	0.046875	-0.009375
0.75	0.5	0.0375	-0.0125
0.75	0.625	0.028125	-0.015625
0.75	0.75	0.01875	-0.01875
0.75	0.875	0.009375	-0.021875
0.75	1	0	-0.025
0.75	1.125	-0.009375	-0.028125
0.75	1.25	-0.01875	-0.03125
0.75	1.375	-0.028125	-0.034375
0.75	1.5	-0.0375	-0.0375
0.75	1.625	-0.046875	-0.040625
0.75	1.75	-0.05625	-0.04375
0.75	1.875	-0.065625	-0.046875
0.75	2	-0.075	-0.05

0.875	0	0.0875	0
0.875	0.125	0.0765625	-0.0015625
0.875	0.25	0.065625	-0.003125
0.875	0.375	0.0546875	-0.0046875
0.875	0.5	0.04375	-0.00625
0.875	0.625	0.0328125	-0.0078125
0.875	0.75	0.021875	-0.009375
0.875	0.875	0.0109375	-0.0109375
0.875	1	0	-0.0125
0.875	1.125	-0.0109375	-0.0140625
0.875	1.25	-0.021875	-0.015625
0.875	1.375	-0.0328125	-0.0171875
0.875	1.5	-0.04375	-0.01875
0.875	1.625	-0.0546875	-0.0203125
0.875	1.75	-0.065625	-0.021875
0.875	1.875	-0.0765625	-0.0234375
0.875	2	-0.0875	-0.025

1	0	0.1	0
1	0.125	0.0875	0
1	0.25	0.075	0
1	0.375	0.0625	0
1	0.5	0.05	0
1	0.625	0.0375	0
1	0.75	0.025	0
1	0.875	0.0125	0
1	1	0	0
1	1.125	-0.0125	0
1	1.25	-0.025	0
1	1.375	-0.0375	0
1	1.5	-0.05	0
1	1.625	-0.0625	0
1	1.75	-0.075	0
1	1.875	-0.0875	0
1	2	-0.1	0

1.125	0	0.1125	0
1.125	0.125	0.0984375	0.0015625
1.125	0.25	0.084375	0.003125
1.125	0.375	0.0703125	0.0046875
1.125	0.5	0.05625	0.00625
1.125	0.625	0.0421875	0.0078125
1.125	0.75	0.028125	0.009375
1.125	0.875	0.0140625	0.0109375
1.125	1	0	0.0125
1.125	1.125	-0.0140625	0.0140625
1.125	1.25	-0.028125	0.015625
1.125	1.375	-0.0421875	0.0171875
1.125	1.5	-0.05625	0.01875
1.125	1.625	-0.0703125	0.0203125
1.125	1.75	-0.084375	0.021875
1.125	1.875	-0.0984375	0.0234375
1.125	2	-0.1125	0.025

1.25	0	0.125	0
1.25	0.125	0.109375	0.003125
1.25	0.25	0.09375	0.00625
1.25	0.375	0.078125	0.009375
1.25	0.5	0.0625	0.0125
1.25	0.625	0.046875	0.015625
1.25	0.75	0.03125	0.01875
1.25	0.875	0.015625	0.021875
1.25	1	0	0.025
1.25	1.125	-0.015625	0.028125
1.25	1.25	-0.03125	0.03125
1.25	1.375	-0.046875	0.034375
1.25	1.5	-0.0625	0.0375
1.25	1.625	-0.078125	0.040625
1.25	1.75	-0.09375	0.04375
1.25	1.875	-0.109375	0.046875
1.25	2	-0.125	0.05

1.375	0	0.1375	0
1.375	0.125	0.120313	0.0046875
1.375	0.25	0.103125	0.009375
1.375	0.375	0.0859375	0.0140625
1.375	0.5	0.06875	0.01875
1.375	0.625	0.0515625	0.0234375
1.375	0.75	0.034375	0.028125
1.375	0.875	0.0171875	0.0328125
1.375	1	0	0.0375
1.375	1.125	-0.0171875	0.0421875
1.375	1.25	-0.034375	0.046875
1.375	1.375	-0.0515625	0.0515625
1.375	1.5	-0.06875	0.05625
1.375	1.625	-0.0859375	0.0609375
1.375	1.75	-0.103125	0.065625
1.375	1.875	-0.120313	0.0703125
1.375	2	-0.1375	0.075

1.5	0	0.15	0
1.5	0.125	0.13125	0.00625
1.5	0.25	0.1125	0.0125
1.5	0.375	0.09375	0.01875
1.5	0.5	0.075	0.025
1.5	0.625	0.05625	0.03125
1.5	0.75	0.0375	0.0375
1.5	0.875	0.01875	0.04375
1.5	1	0	0.05
1.5	1.125	-0.01875	0.05625
1.5	1.25	-0.0375	0.0625
1.5	1.375	-0.05625	0.06875
1.5	1.5	-0.075	0.075
1.5	1.625	-0.09375	0.08125
1.5	1.75	-0.1125	0.0875
1.5	1.875	-0.13125	0.09375
1.5	2	-0.15	0.1

1.625	0	0.1625	0
1.625	0.125	0.142187	0.0078125
1.625	0.25	0.121875	0.015625
1.625	0.375	0.101562	0.0234375
1.625	0.5	0.08125	0.03125
1.625	0.625	0.0609375	0.0390625
1.625	0.75	0.040625	0.046875
1.625	0.875	0.0203125	0.0546875
1.625	1	0	0.0625
1.625	1.125	-0.0203125	0.0703125
1.625	1.25	-0.040625	0.078125
1.625	1.375	-0.0609375	0.0859375
1.625	1.5	-0.08125	0.09375
1.625	1.625	-0.101562	0.101562
1.625	1.75	-0.121875	0.109375
1.625	1.875	-0.142187	0.117188
1.625	2	-0.1625	0.125

1.75	0	0.175	0
1.75	0.125	0.153125	0.009375
1.75	0.25	0.13125	0.01875
1.75	0.375	0.109375	0.028125
1.75	0.5	0.0875	0.0375
1.75	0.625	0.065625	0.046875
1.75	0.75	0.04375	0.05625
1.75	0.875	0.021875	0.065625
1.75	1	0	0.075
1.75	1.125	-0.021875	0.084375
1.75	1.25	-0.04375	0.09375
1.75	1.375	-0.065625	0.103125
1.75	1.5	-0.0875	0.1125
1.75	1.625	-0.109375	0.121875
1.75	1.75	-0.13125	0.13125
1.75	1.875	-0.153125	0.140625
1.75	2	-0.175	0.15

1.875	0	0.1875	0
1.875	0.125	0.164062	0.0109375
1.875	0.25	0.140625	0.021875
1.875	0.375	0.117188	0.0328125
1.875	0.5	0.09375	0.04375
1.875	0.625	0.0703125	0.0546875
1.875	0.75	0.046875	0.065625
1.875	0.875	0.0234375	0.0765625
1.875	1	0	0.0875
1.875	1.125	-0.0234375	0.0984375
1.875	1.25	-0.046875	0.109375
1.875	1.375	-0.0703125	0.120313
1.875	1.5	-0.09375	0.13125
1.875	1.625	-0.117188	0.142187
1.875	1.75	-0.140625	0.153125
1.875	1.875	-0.164062	0.164062
1.875	2	-0.1875	0.175

2	0	0.2	0
2	0.125	0.175	0.0125
2	0.25	0.15	0.025
2	0.375	0.125	0.0375
2	0.5	0.1	0.05
2	0.625	0.075	0.0625
2	0.75	0.05	0.075
2	0.875	0.025	0.0875
2	1	0	0.1
2	1.125	-0.025	0.1125
2	1.25	-0.05	0.125
2	1.375	-0.075	0.1375
2	1.5	-0.1	0.15
2	1.625	-0.125	0.1625
2	1.75	-0.15	0.175
2	1.875	-0.175	0.1875
2	2	-0.2	0.2

